1 0.6511667975137861 0.11835086613874805 0.07345479118295764 0.023936130230308585
0 0.8680204471317958 0.10222233077965935 0.023510176044909577 0.0061570206956088214
1 0.9156594880649023 0.12021977588990052 0.07836725348303213 0.040573187660806885
1 0.9800031277667602 0.13300743425770348 0.04372067825895474 0.0361527625460108
1 0.8927680008632797 0.1577933893656672 0.035059034452935546 0.01341914766991669
1 0.7038034298326349 0.1872891381198437 0.11498404329402112 0.037482009565624
1 0.4766783553040601 0.1664926682963362 0.16868538219507495 0.05440936872429286
1 0.394231005579501 0.17374725079290856 0.06823228942722132 0.02055465040695508
1 0.3853939320608285 0.18820604981852826 0.03737656668693383 0.018121190607527187
0 0.3765888942558591 0.22233072293782102 0.04947071821220879 0.020850153921441593
3 0.2993256377221847 0.22041591288381107 0.02278988142360179 0.011063346978724142
1 0.34796257978474954 0.24711687530361634 0.03779785211719323 0.01808431717676054
1 0.0322393444529001 0.19233203209166527 0.04002125518291049 0.018297073849428334
1 0.04313757761474959 0.21528168541981585 0.0365010272124804 0.021274148854170578
0 0.014932238405105618 0.2142497304380837 0.029864476810211236 0.030323600232437214
0 0.8459484912257211 0.13791493849823597 0.01294184217232636 0.0054775402960791355
1 0.0280385848753933 0.27792897114271187 0.0560771697507866 0.02066162686950508
1 0.05712534114799759 0.3178480366478722 0.03458965610796185 0.015847267210591317
1 0.07153769785964835 0.3410171425063949 0.09066682585874855 0.041724450377253065
3 0.28430167003148693 0.29311289626358117 0.032707271773533865 0.01372273929119027
1 0.2643622745501849 0.3173658584115815 0.04730555777912358 0.020107340438369703
1 0.3926437668839893 0.2854549010180515 0.055437196658439825 0.019548272413878867
3 0.399409723956476 0.305671490437533 0.03928620235637465 0.013533419363454594
1 0.48060120882631696 0.31903783054958695 0.04277830923249685 0.023892332950296358
1 0.5423964313239684 0.2492310676026446 0.19601455191410738 0.06988747462672097
1 0.667590657118424 0.26387660456486184 0.053031334250734696 0.026207802985020408
1 0.621607791344053 0.2961224798062349 0.04430465899428458 0.01824268639153384
1 0.6542091432689795 0.31378094169229886 0.05001862682520542 0.02152168882636002
1 0.7615087224296812 0.3510683349547364 0.054639775973707505 0.0203047041616389
1 0.7859109524761914 0.3144183439429782 0.05570074249746882 0.025380880202048643
1 0.8312672713669873 0.2828445289716297 0.02864609614155542 0.012995010663448856
1 0.9605027330233626 0.3534639151201987 0.09488501868688334 0.06276015437465444
3 0.779470209098095 0.41618561133303844 0.021908817704162493 0.005554223780710454
1 0.5685943632899004 0.39964910610424154 0.07503301794913855 0.024243762852800516
1 0.4215400764719155 0.3825070793552787 0.05463041271264758 0.021663784351567145
1 0.30194376756044383 0.4126479967139808 0.05463041271264758 0.017142646747761787
0 0.23254837843897264 0.37751498991774374 0.02116313285264727 0.007158467872691682
0 0.029673188477128083 0.3694346511192336 0.019273260682893475 0.008472601725945252
0 0.08829545918824586 0.3706503967431204 0.013864158061650077 0.004260794611949332
1 0.9813692879589758 0.47621130975201637 0.04426665748438805 0.018522918425451593
1 0.9885997798054595 0.49083970530701426 0.03123096774523461 0.015452631055106457
1 0.9308351849921187 0.48389088065015823 0.05687590873928932 0.02138099894417251
1 0.899717485169394 0.46061762468446477 0.0573761562834797 0.01968936825613825
1 0.8267607347227278 0.46146956850324 0.06182775461581876 0.018742764013054667
1 0.6746644583678137 0.457209849409364 0.045505227397242595 0.02158257674230542
1 0.6224818334720629 0.4781298031815108 0.05292455795114085 0.018742764013054667
1 0.7060729577126497 0.5087051202331102 0.04402136128646294 0.01703887637550428
1 0.6185248571766505 0.4940327544653148 0.03511816462178503 0.017606838921354305
1 0.6632881515185031 0.4992390778022744 0.09892440738530996 0.031048619173141025
3 0.466348071838743 0.4788584415555943 0.024104135802146143 0.00871350656295974
1 0.409602918804524 0.45258978206431877 0.048543051268210895 0.016658174311540687
2 0.3843270541786625 0.5062162893672398 0.07833844135697478 0.04343939301240198
1 0.06482146347814732 0.46330845182683644 0.048806748971781534 0.019410938444784812
1 0.0461376298873872 0.4822085761020216 0.041180694444940665 0.018973097727985076
1 0.023453662308519297 0.4937865423702649 0.045935152086115504 0.018419317141920223
1 0.0975312310704871 0.5287942865963948 0.050185973269279725 0.01993398612940484
1 0.13517071102244696 0.5880525908174438 0.05634085678343676 0.01594718890352389
1 0.19719299874202853 0.5631351081556877 0.0601284774075333 0.01866545973935186
1 0.34680401339384365 0.5393955428561238 0.05160633100331596 0.017215715293576947
1 0.4313152985689987 0.5583328296790585 0.05681430936144879 0.02247103890951096
3 0.5380788549107213 0.6039091706931068 0.03834965881897794 0.02518930974533893
1 0.6869660125205987 0.581396877398983 0.06565270319484443 0.024519946892268826
1 0.7365039612948905 0.6348534075802649 0.058092694948165366 0.018123439007329125
1 0.9372420750027631 0.6284568996953251 0.052124267384997765 0.01568667409878062
1 0.8669574599917429 0.608340252987069 0.12944291087941082 0.07031291877977827
1 0.9186538170893371 0.7102527626748039 0.04707692158749605 0.02352493294271724
0 0.9946955410241065 0.7220625799984953 0.017967880157938217 0.008325226505120993
1 0.9688470116740904 0.733343865190217 0.046338217249419424 0.019063562142161008
0 0.8848391579490084 0.7610228616666084 0.01915712107715683 0.007693170612330254
1 0.802799020945693 0.762063308991223 0.04815062088951513 0.017634522852689426
1 0.7572464551401445 0.7526493907766293 0.03810480789817747 0.01736934205791213
1 0.7599805905961975 0.7876968294126858 0.040056626612859414 0.011948526659360392
1 0.7063006384533086 0.7488140536853876 0.10200081947533499 0.035952062592546886
1 0.6164130380813949 0.7487816387976421 0.05465731372150298 0.024407317679084873
1 0.5117081504297235 0.756696253907429 0.03448069257375908 0.012776576510914938
3 0.5868430788105605 0.6854092436352377 0.025913372354585767 0.009313776009867384
1 0.4423132882231071 0.6609385158481775 0.0560201937763434 0.024505385257829058
1 0.40320483059093637 0.7226605844419351 0.07210816642460857 0.02944002380921951
1 0.16859065264232698 0.625544081094566 0.05725720278418652 0.023268508206804827
1 0.029408061738324612 0.6300013104188628 0.058094453249941884 0.036323653324599615
1 0.07133237834446417 0.7063222425869181 0.08770043116571517 0.0327946376321565
1 0.08722558091091137 0.726127591521758 0.04772220232207917 0.012684780789632926
1 0.1874422057872776 0.7308463299755016 0.06840182332831343 0.0251666050866321
1 0.23728539487922698 0.7497720229136341 0.03287529493298785 0.01796164959812045
0 0.8411305815858919 0.807115538117991 0.033968417919367604 0.009845951200062982
0 0.8857953550944662 0.8047563445880259 0.0680929497620664 0.024827410086403812
1 0.9162317402713891 0.82930481457461 0.13321809390529407 0.04398740407164449
3 0.9821601777003717 0.8582282287558863 0.04880775177332391 0.02650633654257741
1 0.633559754236574 0.8403870932567967 0.06390689694908053 0.024742075679691566
3 0.9335149575280824 0.8961852943168781 0.0240480852470078 0.0068781715590912115
0 0.840387165052173 0.9090488643605577 0.013502906849603053 0.005297562851081333
0 0.6840151261200514 0.8744166234412206 0.019724432061134334 0.007010432380348933
1 0.6726775871787751 0.8879137528763552 0.05040920766415708 0.018748486376848006
1 0.339633715475657 0.8804842949046587 0.056094950925195224 0.024898941126402233
1 0.47610000365081695 0.8876111657343172 0.05185247564513845 0.01894484650921907
1 0.32195673514208717 0.9060147309147016 0.05656633706742377 0.021831680263004773
1 0.025133922874982454 0.8018198853428403 0.04665578497751236 0.021314272402963633
1 0.018060303862262834 0.8163366330335076 0.03551859759578358 0.021314272402963633
1 0.048903565653455085 0.9198974421433336 0.05491844271243618 0.023623046392364247
1 0.1611262155048675 0.9486720490060846 0.06161932789333434 0.021354284321655384
1 0.6703581224270393 0.9275907150604218 0.05459493177243629 0.021081607160464234
1 0.6454077772260505 0.94655096310818 0.052662033881099204 0.016599756724387026
3 0.982801771523087 0.8341433128933813 0.020269840458427876 0.0055729755626597235
